A,3,5,Unnamed: 3,Unnamed: 4,Unnamed: 5,Unnamed: 6,Unnamed: 7
A,5,13,,,,,
A,7,18,,,,,
